# Onda Corporation
# Hydrophone Preamplifier Calibration Data
#
FILE_NAME,AG-A2010-20-060-1132_1-20c_151117.txt
#
AMP_CAL_DATE,17-Nov-2015
AMP_MFG,ONDA
AMP_MODEL,AG-A2010
AMP_SN,1132
AMP_GAIN_NOM_DB,20
AMP_BW_NOM_MHZ,060
AMP_OUTPUT_IMP_NOM_OHMS,50
AMP_INPUT_CAP_NOM_PF,6.2
AMP_INPUT_CAP_DATA_TYPE,CALIBRATED
AMP_GAIN_UNCERT_DB,0.03
AMP_CAP_UNCERT_PCT,2.5
#
# Calibration Data
# Freq(MHz) Gain(dB) Phase(deg) Cap(pF)
#
DATA_FIELDS,4
DATA_FIELD,FREQ_MHZ
DATA_FIELD,GAIN_DB
DATA_FIELD,PHASE_DEG
DATA_FIELD,CAP_PF
#
# End of file header
HEADER_END,0
001.000,19.98,-1.90,6.15
001.050,19.98,-2.16,6.15
001.100,19.98,-2.41,6.15
001.150,19.98,-2.66,6.15
001.200,19.98,-2.92,6.15
001.250,19.98,-3.18,6.15
001.300,19.97,-3.43,6.15
001.350,19.98,-3.65,6.15
001.400,19.99,-3.87,6.16
001.450,19.99,-4.08,6.16
001.500,20.00,-4.29,6.16
001.550,20.00,-4.51,6.16
001.600,20.00,-4.72,6.16
001.650,20.00,-4.93,6.16
001.700,20.00,-5.14,6.16
001.750,20.01,-5.36,6.16
001.800,20.01,-5.57,6.16
001.850,20.01,-5.79,6.16
001.900,20.01,-6.00,6.16
001.950,20.01,-6.22,6.16
002.000,20.01,-6.44,6.16
002.050,20.01,-6.66,6.16
002.100,20.00,-6.88,6.16
002.150,20.01,-7.10,6.16
002.200,20.01,-7.31,6.16
002.250,20.01,-7.54,6.16
002.300,20.00,-7.76,6.16
002.350,20.00,-7.99,6.16
002.400,19.99,-8.21,6.16
002.450,19.99,-8.44,6.16
002.500,19.99,-8.67,6.16
002.550,19.98,-8.86,6.16
002.600,19.97,-9.05,6.16
002.650,19.97,-9.22,6.17
002.700,19.96,-9.38,6.17
002.750,19.95,-9.55,6.17
002.800,19.95,-9.71,6.17
002.850,19.94,-9.89,6.17
002.900,19.93,-10.07,6.17
002.950,19.93,-10.28,6.17
003.000,19.93,-10.49,6.17
003.050,19.92,-10.70,6.17
003.100,19.92,-10.91,6.17
003.150,19.92,-11.11,6.17
003.200,19.92,-11.32,6.17
003.250,19.92,-11.50,6.17
003.300,19.92,-11.68,6.17
003.350,19.92,-11.87,6.17
003.400,19.92,-12.05,6.17
003.450,19.92,-12.23,6.17
003.500,19.92,-12.41,6.17
003.550,19.92,-12.58,6.17
003.600,19.92,-12.75,6.17
003.650,19.92,-12.92,6.17
003.700,19.91,-13.09,6.17
003.750,19.91,-13.26,6.17
003.800,19.90,-13.43,6.17
003.850,19.90,-13.63,6.18
003.900,19.90,-13.84,6.18
003.950,19.90,-14.05,6.18
004.000,19.90,-14.25,6.18
004.050,19.90,-14.46,6.18
004.100,19.90,-14.66,6.18
004.150,19.90,-14.85,6.18
004.200,19.89,-15.04,6.18
004.250,19.89,-15.23,6.18
004.300,19.88,-15.43,6.18
004.350,19.88,-15.62,6.18
004.400,19.87,-15.81,6.18
004.450,19.87,-15.98,6.18
004.500,19.86,-16.14,6.18
004.550,19.86,-16.30,6.18
004.600,19.86,-16.46,6.18
004.650,19.86,-16.62,6.18
004.700,19.86,-16.78,6.18
004.750,19.86,-16.97,6.18
004.800,19.85,-17.16,6.18
004.850,19.85,-17.35,6.18
004.900,19.85,-17.54,6.18
004.950,19.85,-17.74,6.18
005.000,19.85,-17.93,6.18
005.050,19.84,-18.11,6.18
005.100,19.84,-18.28,6.19
005.150,19.84,-18.45,6.19
005.200,19.84,-18.61,6.19
005.250,19.83,-18.77,6.19
005.300,19.83,-18.94,6.19
005.350,19.83,-19.13,6.19
005.400,19.83,-19.31,6.19
005.450,19.82,-19.51,6.19
005.500,19.82,-19.71,6.19
005.550,19.81,-19.91,6.19
005.600,19.81,-20.11,6.19
005.650,19.80,-20.30,6.19
005.700,19.80,-20.48,6.19
005.750,19.80,-20.64,6.19
005.800,19.80,-20.80,6.19
005.850,19.80,-20.97,6.19
005.900,19.80,-21.13,6.19
005.950,19.80,-21.30,6.19
006.000,19.80,-21.46,6.19
006.050,19.79,-21.63,6.19
006.100,19.79,-21.80,6.19
006.150,19.78,-21.97,6.19
006.200,19.77,-22.14,6.19
006.250,19.76,-22.32,6.19
006.300,19.76,-22.49,6.19
006.350,19.75,-22.67,6.20
006.400,19.75,-22.85,6.20
006.450,19.75,-23.03,6.20
006.500,19.75,-23.21,6.20
006.550,19.74,-23.40,6.20
006.600,19.74,-23.58,6.20
006.650,19.73,-23.77,6.20
006.700,19.72,-23.96,6.20
006.750,19.71,-24.15,6.20
006.800,19.71,-24.34,6.20
006.850,19.70,-24.53,6.20
006.900,19.70,-24.72,6.20
006.950,19.70,-24.91,6.20
007.000,19.70,-25.09,6.20
007.050,19.70,-25.28,6.20
007.100,19.70,-25.46,6.20
007.150,19.69,-25.65,6.20
007.200,19.69,-25.83,6.20
007.250,19.68,-25.98,6.20
007.300,19.68,-26.13,6.20
007.350,19.67,-26.28,6.20
007.400,19.67,-26.42,6.20
007.450,19.66,-26.57,6.20
007.500,19.66,-26.71,6.20
007.550,19.65,-26.89,6.20
007.600,19.64,-27.07,6.21
007.650,19.64,-27.26,6.21
007.700,19.63,-27.44,6.21
007.750,19.63,-27.63,6.21
007.800,19.62,-27.81,6.21
007.850,19.62,-27.95,6.21
007.900,19.61,-28.09,6.21
007.950,19.61,-28.22,6.21
008.000,19.61,-28.35,6.21
008.050,19.61,-28.48,6.21
008.100,19.60,-28.61,6.21
008.150,19.60,-28.82,6.21
008.200,19.59,-29.02,6.21
008.250,19.58,-29.26,6.21
008.300,19.57,-29.49,6.21
008.350,19.56,-29.72,6.21
008.400,19.55,-29.95,6.21
008.450,19.55,-30.12,6.21
008.500,19.54,-30.30,6.21
008.550,19.54,-30.43,6.21
008.600,19.53,-30.56,6.21
008.650,19.53,-30.69,6.21
008.700,19.53,-30.82,6.21
008.750,19.53,-30.98,6.21
008.800,19.52,-31.13,6.22
008.850,19.51,-31.31,6.22
008.900,19.50,-31.49,6.22
008.950,19.50,-31.67,6.22
009.000,19.49,-31.85,6.22
009.050,19.48,-32.03,6.22
009.100,19.47,-32.21,6.22
009.150,19.47,-32.39,6.22
009.200,19.47,-32.58,6.22
009.250,19.47,-32.76,6.22
009.300,19.46,-32.94,6.22
009.350,19.46,-33.12,6.22
009.400,19.45,-33.30,6.22
009.450,19.45,-33.47,6.22
009.500,19.45,-33.64,6.22
009.550,19.45,-33.82,6.22
009.600,19.45,-33.99,6.22
009.650,19.45,-34.11,6.22
009.700,19.44,-34.22,6.22
009.750,19.43,-34.12,6.22
009.800,19.42,-34.01,6.22
009.850,19.42,-33.90,6.22
009.900,19.41,-33.79,6.22
009.950,19.40,-33.73,6.22
010.000,19.39,-33.67,6.22
010.050,19.38,-33.91,6.23
010.100,19.38,-34.15,6.23
010.150,19.37,-34.39,6.23
010.200,19.36,-34.63,6.23
010.250,19.36,-34.87,6.23
010.300,19.35,-35.11,6.23
010.350,19.34,-35.35,6.23
010.400,19.34,-35.59,6.23
010.450,19.33,-35.83,6.23
010.500,19.33,-36.07,6.23
010.550,19.32,-36.31,6.23
010.600,19.31,-36.55,6.23
010.650,19.31,-36.79,6.23
010.700,19.30,-37.03,6.23
010.750,19.29,-37.27,6.23
010.800,19.29,-37.51,6.23
010.850,19.28,-37.75,6.23
010.900,19.27,-37.99,6.23
010.950,19.27,-38.23,6.23
011.000,19.26,-38.47,6.23
011.050,19.26,-38.63,6.23
011.100,19.25,-38.79,6.23
011.150,19.24,-38.95,6.23
011.200,19.24,-39.10,6.23
011.250,19.23,-39.26,6.23
011.300,19.23,-39.42,6.24
011.350,19.22,-39.58,6.24
011.400,19.21,-39.74,6.24
011.450,19.21,-39.90,6.24
011.500,19.20,-40.06,6.24
011.550,19.20,-40.21,6.24
011.600,19.19,-40.37,6.24
011.650,19.18,-40.53,6.24
011.700,19.18,-40.69,6.24
011.750,19.17,-40.85,6.24
011.800,19.17,-41.01,6.24
011.850,19.16,-41.16,6.24
011.900,19.15,-41.32,6.24
011.950,19.15,-41.48,6.24
012.000,19.14,-41.64,6.24
012.050,19.14,-41.80,6.24
012.100,19.13,-41.95,6.24
012.150,19.12,-42.11,6.24
012.200,19.12,-42.27,6.24
012.250,19.11,-42.43,6.24
012.300,19.10,-42.58,6.24
012.350,19.10,-42.74,6.24
012.400,19.09,-42.90,6.24
012.450,19.08,-43.05,6.24
012.500,19.08,-43.21,6.24
012.550,19.07,-43.37,6.25
012.600,19.06,-43.52,6.25
012.650,19.06,-43.68,6.25
012.700,19.05,-43.84,6.25
012.750,19.05,-44.00,6.25
012.800,19.04,-44.15,6.25
012.850,19.03,-44.31,6.25
012.900,19.03,-44.47,6.25
012.950,19.02,-44.62,6.25
013.000,19.01,-44.78,6.25
013.050,19.01,-44.93,6.25
013.100,19.00,-45.09,6.25
013.150,18.99,-45.24,6.25
013.200,18.99,-45.39,6.25
013.250,18.98,-45.55,6.25
013.300,18.97,-45.70,6.25
013.350,18.97,-45.85,6.25
013.400,18.96,-46.00,6.25
013.450,18.95,-46.16,6.25
013.500,18.95,-46.31,6.25
013.550,18.94,-46.46,6.25
013.600,18.94,-46.62,6.25
013.650,18.93,-46.77,6.25
013.700,18.92,-46.92,6.25
013.750,18.92,-47.08,6.26
013.800,18.91,-47.23,6.26
013.850,18.90,-47.38,6.26
013.900,18.90,-47.53,6.26
013.950,18.89,-47.69,6.26
014.000,18.88,-47.84,6.26
014.050,18.88,-47.99,6.26
014.100,18.87,-48.13,6.26
014.150,18.86,-48.28,6.26
014.200,18.86,-48.43,6.26
014.250,18.85,-48.58,6.26
014.300,18.84,-48.72,6.26
014.350,18.84,-48.87,6.26
014.400,18.83,-49.02,6.26
014.450,18.82,-49.16,6.26
014.500,18.81,-49.31,6.26
014.550,18.81,-49.46,6.26
014.600,18.80,-49.60,6.26
014.650,18.79,-49.75,6.26
014.700,18.79,-49.90,6.26
014.750,18.78,-50.05,6.26
014.800,18.77,-50.19,6.26
014.850,18.77,-50.34,6.26
014.900,18.76,-50.49,6.26
014.950,18.75,-50.63,6.26
015.000,18.75,-50.78,6.27
015.050,18.74,-50.93,6.27
015.100,18.73,-51.07,6.27
015.150,18.73,-51.22,6.27
015.200,18.72,-51.37,6.27
015.250,18.72,-51.51,6.27
015.300,18.71,-51.66,6.27
015.350,18.70,-51.81,6.27
015.400,18.70,-51.95,6.27
015.450,18.69,-52.10,6.27
015.500,18.69,-52.25,6.27
015.550,18.68,-52.39,6.27
015.600,18.67,-52.54,6.27
015.650,18.67,-52.68,6.27
015.700,18.66,-52.83,6.27
015.750,18.66,-52.98,6.27
015.800,18.65,-53.12,6.27
015.850,18.64,-53.27,6.27
015.900,18.64,-53.42,6.27
015.950,18.63,-53.56,6.27
016.000,18.63,-53.71,6.27
016.050,18.62,-53.85,6.27
016.100,18.61,-53.99,6.27
016.150,18.61,-54.13,6.27
016.200,18.60,-54.27,6.27
016.250,18.59,-54.41,6.28
016.300,18.58,-54.54,6.28
016.350,18.58,-54.68,6.28
016.400,18.57,-54.82,6.28
016.450,18.56,-54.96,6.28
016.500,18.56,-55.10,6.28
016.550,18.55,-55.24,6.28
016.600,18.54,-55.38,6.28
016.650,18.54,-55.52,6.28
016.700,18.53,-55.66,6.28
016.750,18.52,-55.80,6.28
016.800,18.51,-55.93,6.28
016.850,18.51,-56.07,6.28
016.900,18.50,-56.21,6.28
016.950,18.49,-56.35,6.28
017.000,18.49,-56.49,6.28
017.050,18.48,-56.63,6.28
017.100,18.47,-56.77,6.28
017.150,18.47,-56.91,6.28
017.200,18.46,-57.04,6.28
017.250,18.45,-57.18,6.28
017.300,18.45,-57.32,6.28
017.350,18.44,-57.46,6.28
017.400,18.44,-57.60,6.28
017.450,18.43,-57.74,6.28
017.500,18.42,-57.88,6.29
017.550,18.42,-58.01,6.29
017.600,18.41,-58.15,6.29
017.650,18.40,-58.29,6.29
017.700,18.40,-58.43,6.29
017.750,18.39,-58.57,6.29
017.800,18.38,-58.71,6.29
017.850,18.38,-58.84,6.29
017.900,18.37,-58.98,6.29
017.950,18.36,-59.12,6.29
018.000,18.36,-59.26,6.29
018.050,18.35,-59.39,6.29
018.100,18.35,-59.53,6.29
018.150,18.34,-59.66,6.29
018.200,18.34,-59.79,6.29
018.250,18.33,-59.93,6.29
018.300,18.33,-60.06,6.29
018.350,18.32,-60.19,6.29
018.400,18.32,-60.32,6.29
018.450,18.31,-60.46,6.29
018.500,18.31,-60.59,6.29
018.550,18.30,-60.72,6.29
018.600,18.30,-60.86,6.29
018.650,18.29,-60.99,6.29
018.700,18.29,-61.12,6.30
018.750,18.28,-61.26,6.30
018.800,18.28,-61.39,6.30
018.850,18.27,-61.52,6.30
018.900,18.27,-61.65,6.30
018.950,18.26,-61.79,6.30
019.000,18.26,-61.92,6.30
019.050,18.25,-62.06,6.30
019.100,18.24,-62.19,6.30
019.150,18.24,-62.33,6.30
019.200,18.23,-62.46,6.30
019.250,18.22,-62.60,6.30
019.300,18.21,-62.74,6.30
019.350,18.20,-62.87,6.30
019.400,18.20,-63.01,6.30
019.450,18.19,-63.14,6.30
019.500,18.18,-63.28,6.30
019.550,18.17,-63.42,6.30
019.600,18.16,-63.55,6.30
019.650,18.16,-63.69,6.30
019.700,18.15,-63.82,6.30
019.750,18.14,-63.96,6.30
019.800,18.13,-64.10,6.30
019.850,18.12,-64.23,6.30
019.900,18.12,-64.37,6.30
019.950,18.11,-64.50,6.31
020.000,18.10,-64.64,6.31
